% ?ving oppgave 4.1

a = [12,5,8;7,41,2;4,16,15];
b = [4;9;2];
c = [1,5,2,3];
D = a(:,3)